18185290
22184636
20789817
19407965
20758962
24278050
21991699
22109722
19559897
23650919
18459176
19728884
20773740
19407970
23417593
21993758
18168195
19878755
24264245
24095203
22398690
21127894
23770965
24080603
23607102
21339595
19314056
23812808
22155466
18275959
23098515
22793171
20510808
19559755
19880969
23505558
23057583
20716502
18184959
23329788
18221722
23039518
19392229
23647542
20818579
20866110
21419546
22790807
22444738
21405400
20672884
22476846
22572349
20429583
18502058
20395051
24095559
22098149
20445090
18136083
19287856
19894300
21051473
20979731
24045930
22464293
23661947
18571321
18040203
22030792
23907912
23250773
23934679
18440241
19396176
18619602
23835877
23662704
22322146
19509319
19375784
23250778
24065740
23310645
22287700
20076875
20173441
21784018
23088597
22163481
20860244
23886542
23128341
23422242
20478382
19524101
20628789
22846491
21906306
23403111
22745243
21528908
22818804
19747074
20290471
22732211
21159669
22430737
20929827
24080637
22928290
23388635
22306902
19651107
21482729
21846597
20009733
19549764
20463846
22161423
19474122
21769606
18016347
21578404
22599134
22177212
23568665
17927304
20711828
21431549
19816118
21755154
21495477
19412424
23012331
23262659
21339302
19461912
22074019
21842931
20790752
22875939
23010529
22947362
23691884
17973034
23371896
24179379
20676853
17919633
20824979
22731770
20672600
21075584
23836588
23565099
23175485
22367684
24351884
22669420
22400178
20993662
22185497
21947598
22153655
22404759
18100071
20757373
20545003
19539527
24301021
18090552
19573906
24113107
23100716
19508741
20774940
19413545
24155036
21305477
23268330
20978027
20559536
21417491
22815385
22493652
18221008
17941009
20968359
21956608
20331211
22428533
22396697
23207141
20025316
24350604
23297634
20841143
19994979
24153868
24053207
20025305
22179617
22307144
23739073
23605133
20858020
21906481
18687441
19799946
21159671
19590356
22734972
19819478
21127883
19780149
21919370
22354154
24301973
22960625
20932968
22276834
19577936
22667928
20542772
23113298
20460079
22538170
21513077
21727537
21929896
24151392
24140453
23475323
20275235
19441745
20183903
19450175
21581692
23091221
18052179
19992925
20558977
22088769
20476221
22052488
23834425
21191664
19429967
24225252
23209811
20207141
18671914
23251905
23039170
22326318
17919367
23013137
18687635
20827210
24377266
18670264
19977701
24058424
21494603
22525632
22428450
20218041
24354435
18476466
22793140
22745359
22978286
22640173
19560174
18633780
21473993
19944225
23055627
18224729
23779515
23991767
22695556
22352990
20248085
20610337
23281249
18184929
23101581
23872448
23169777
21859980
18440044
20592500
22462769
22046053
19560058
23564697
18565160
23806365
19763040
18319945
21207547
18342501
18018021
18430507
23749959
19882108
23540159
21917626
20082698
21918138
20756751
24133462
21147485
19573861
23238311
23709335
19693559
22760925
23907877
19713134
24080960
23259967
18300452
23921812
21874611
21403608
24277472
24095651
19391729
19459110
21792021
20127769
23372031
24005668
23679933
19344511
20175535
21044357
20945992
18721310
19475945
22138083
22184606
21058165
20724760
20579157
20674862
19360176
20943206
18564847
21542770
19590357
22109674
23936433
20195535
20959684
19457981
20011231
23360388
20811105
20220007
23113285
20327438
18147496
20825048
22859824
20719148
20774464
22508266
20429585
23957873
20843857
21251184
18207723
22733701
22367050
20108744
23418228
23221730
18600044
22196452
23786435
24113156
20100616
20976067
24211529
20827535
20361140
21075664
23250804
23237019
22556072
23568681
18669720
20726966
23763397
18443551
20478151
20196789
19992659
23838341
18262134
18459061
18092512
21467341
23807565
18372896
23160523
18217410
20165972
20346304
21193849
19744784
20660221
21698204
22779458
18318472
19710264
19475938
20495981
20092700
20617811
18492428
21756109
23848900
21613430
21335862
19782614
21846298
22024283
22731261
21279331
18072353
17937436
21498281
23421301
23949739
23281187
20096115
21292685
20859413
23178728
21609645
24179606
18000607
21119555
23282744
22640969
18618985
19218745
23990961
21244937
21294225
22717451
21993668
20167384
19460290
20877430
23564730
22161113
19557505
21094656
18457717
21945010
20125696
23376283
21349960
22319973
20927208
18280474
19506945
21364585
23721834
24280511
19641768
21279248
23552408
20463860
21955517
24005666
18149975
21743356
22335740
24083748
22354305
19914414
20126134
20484106
19359901
23834862
20184014
24095530
21044350
18017922
20744769
18375106
22843954
18225186
20643038
21872624
21585812
21613692
20431354
23294904
18243506
22155196
17939000
23737825
18070005
23742459
21487369
20687738
24285241
23765625
19662722
20923182
23115446
22399030
21265438
20664461
22073874
18606837
20709638
21353676
18496962
20617974
20347096
20892489
18606926
23856696
20175469
23721566
20175530
21769637
19910537
23117208
22681077
24249493
20343464
18375759
19801698
18297354
18514678
18260597
23100733
18225533
22060135
23233269
20500629
17938777
23536370
21419566
18478215
22164140
21325934
18356180
23907773
22106247
18477518
20876385
21308915
23475800
19392187
21419243
18111999
18435642
20233754
21159667
19576848
20745042
20727370
20348339
21012900
22155214
18537949
22157800
20462345
21431544
22139273
23220222
20095414
24167616
18563396
22020793
21453286
23834796
20991202
22685143
20275215
22165736
21379652
21343680
19836521
20983512
20026435
20492510
21388741
22892483
20627067
18089826
23191183
18602430
22761276
18060061
22950381
20664645
20792157
21032282
20860922
21774853
19425490
18513168
24088181
20154520
24109568
23938014
23581958
21218093
21922505
24080609
23159266
19767431
21241448
23357259
22271371
20000723
18642817
20246229
20612810
21130213
19727583
19628169
23475331
20672605
21756538
23087127
24013309
22860098
19348681
19755934
18039281
19780341
21352302
18266707
18719979
24185684
23009740
22713952
21353188
24165128
17957074
22927109
21613324
21829340
23042781
22276877
19744398
24114455
23060252
20092860
23618472
18337832
23970909
21191724
23490264
20559946
22830884
23751642
22523898
22745306
22381529
24277461
23286169
22910228
19540916
18100699
19729253
21031235
22731254
20528766
23169950
19476434
23410645
21842946
22191179
19757107
21808492
23508921
21029173
24250770
21828326
20249559
23328514
23317876
21715149
22180527
22747327
24277467
22381951
22125701
21215788
20275225
23024126
22626797
21179773
18666162
23272187
19784432
23268609
18501798
23318027
20460549
24221851
21626851
23463198
24155654
20850058
19780313
20475935
19561841
24361386
22798751
20963397
23442278
21216884
18494545
23834777
23461072
18790301
18440066
17955542
18261324
22107240
23767281
18223530
23737431
20436844
24193833
23024180
18426781
23160476
22665945
24151918
21143687
23668123
23875930
23634492
18634023
23662758
20641137
23490174
20758369
18072462
18278612
23610624
21280402
23477537
24279790
21029164
22417642
23792852
18263095
18260255
24208091
20993487
20811257
23163602
23751393
23564721
20960583
18414480
18442817
24318840
24250130
21857601
19523950
23724871
22775320
18130448
24005586
24193594
23417582
20377329
21906471
24125405
22476777
20578507
22829579
18659942
20952198
20807373
19359897
18280497
18671894
21191777
21194971
20460086
22396691
23264678
23220194
22830323
19460494
23727864
23763948
22714129
21380975
23425472
18721339
20359435
22073789
21404156
20807514
21626405
21032911
20976738
21956415
20446798
19624150
23890919
20165206
19862730
21865676
18336150
19674957
23354718
20725443
21046341
20068594
22302801
21179870
24264872
20262608
22179626
22139565
23114381
20562838
19658796
19410200
20927760
22637247
22893929
20109056
24024641
20170926
20075106
18548231
23422072
23550334
24195908
23647149
21403978
20545165
23310403
21446721
21351869
18556840
22697648
20108781
19769205
18548689
21857433
22060147
23024159
22388902
23880759
23771017
21159672
19624759
20362596
23715586
21191649
18221070
21906500
18375991
17970684
17956835
21352420
23259186
20687720
23217922
20316149
19326581
21163465
24064822
24168217
23190895
23343739
22322150
23624084
20562020
19894317
24183012
22764406
22444973
24072878
19441464
21130053
21956524
23505449
21029163
19624523
22637629
23464513
18501825
20960684
24249953
20329525
23553811
24318845
23250325
18369905
22859721
22733357
22867464
18243812
22196279
18277969
23742888
19458748
20363618
18442895
20528165
24250645
23475693
21714909
23805570
20217584
20391705
19833608
20624611
19506944
18278688
23313770
20460075
22745248
20450745
23617029
22777610
18075482
20476469
19594257
22475556
19641843
24265489
20183938
20625213
23664069
23873558
22428524
19813538
21179871
18113477
21728903
21223568
18565232
20996615
24217663
23236790
20187824
20395013
23177008
20561310
20740714
23309941
22607081
20818982
23679925
20656325
23676279
23225782
20108611
19805631
21729979
23372200
22968171
23175211
21816904
22048763
21921860
18297267
17955301
20790436
22496594
19781022
22498013
20509546
22396766
21741006
21900101
23885744
23836374
22327713
18688663
21502632
19506616
17970668
19560168
23949909
19919011
21480544
18571535
22106071
22060816
21364076
20482563
20460775
23259086
22964057
21324954
18431172
22122335
21936444
22398998
20994913
20833615
23649254
22654684
24111881
23728938
20252721
23977113
21365367
19523484
20108600
23395122
23849387
20290179
20962027
22593057
21816651
19650854
22836032
19870953
18531627
19709104
23782658
20577418
23192364
21178188
23130875
23084716
19945533
21479632
21578469
22095471
18670422
21237469
24221847
23934458
21578658
23012983
18180953
20627920
23250892
23492009
20943905
22698955
24196464
19394282
19928952
19561298
22178258
23128342
23038790
21020531
20364276
18280772
20873965
21058171
22304933
22337933
22085680
19713293
22139571
22669718
22876404
21596773
20858027
24152143
18117936
23433018
22670909
22396667
21580563
22073790
22335739
21044352
23497718
20263995
22568293
18512995
21239515
21814668
22185615
19424303
18186691
23620445
22024281
23359478
18335152
21956617
19754875
22048377
20347445
20207207
22381531
19450176
20492557
20432399
18624102
19726602
20626425
22949411
20594215
23042564
21160545
18260186
24006004
22045911
19624835
18147619
23295869
18241644
21321791
19961108
19523493
19359903
21784925
21178354
19283914
18225999
18022602
22557979
20609247
22753460
24208216
23293811
22497572
21577983
24080600
21419547
22084885
22428093
21144068
20979124
21830492
18099394
22322584
22735332
19457988
21448930
19961134
24215935
21473857
23188771
21417780
23702232
22745246
19492390
22606965
23174971
19376654
24363084
19780298
18276923
17940848
22176668
23233304
20719152
21047652
21954394
18433607
21816597
22084801
22509137
18510401
20545424
20008965
20445119
21350739
19590302
18280605
20740733
23312878
23479033
22018638
21542821
19625075
23977114
19290432
18166685
21643147
18562375
22460306
19814201
18374317
24097150
20575318
23662546
23478518
23865563
23433982
21526851
21945053
20231441
23334422
19910372
23506399
23147436
18099933
19460054
20279062
18285056
24332676
22768272
20673552
18131222
20526308
20297060
19931487
21339592
18073994
21728311
20377347
22908965
20807547
23175194
21479638
20245842
23031610
21352317
22030805
21763114
24013348
21688783
17973874
19363369
21526842
22960629
20591960
23977420
21585804
20543424
23807656
23117296
24346929
20947423
24135973
19391883
22954417
22031020
20876370
22074060
21617649
21988279
21816540
24194261
20530206
21991880
20372272
23823618
21403359
22863336
21251890
22294738
21956504
23280976
21175808
20327436
22631323
21530932
22323937
22978559
24360936
22276869
22867518
23990956
20929550
23848909
17997762
23549931
20732774
20688590
18154569
21033075
21178331
20042642
20857405
22651892
18117889
21420646
19910829
19650844
22122319
20100601
23935758
23265031
22360445
19610659
19910846
18670753
22153367
23025730
21353680
20841167
20824975
20348277
18670270
22728336
20625290
19441466
22016385
21322241
21770465
23490249
18072289
23252123
20816763
20066944
22196470
21308417
23497675
24318876
22963707
20716767
21144370
20724773
20628457
21830733
23792434
21578031
22731258
20874155
20991766
23394937
22524994
22947302
20082694
20275221
20090427
22593056
21818477
22522936
23505754
23564700
19696567
18324906
19780289
20890932
23376022
22673942
19961124
19658725
21060055
21610007
20610363
20672596
18564852
22490753
20231515
20673293
19976944
20761438
20012256
23374255
20492903
21846687
24383837
21023033
21321784
22525503
18618154
22367047
21193511
23669119
19894316
19591370
21828320
19976963
21876509
23017379
23977421
21146076
20562691
20367884
18022519
17978151
23885799
20759093
23318042
18226882
23852297
23497558
18049980
20656336
23751377
22155508
23106077
18500767
24097251
23098527
18260207
17940732
23920917
20928725
19607788
18582692
21683807
18789445
19362268
21917249
22181281
18687688
18018012
23403285
22153670
23402818
22383823
19964278
22381920
21729413
20336450
19590449
20575920
20881903
22178276
20927197
22198590
19392262
23294203
21917239
22185205
19746725
23841931
19510860
24013364
20332454
22015411
22016649
19441890
17917804
23451621
20890165
22446099
21954896
22369352
23751496
22749090
21237915
22859718
23921986
20291532
22196345
18151341
21534783
19477508
18301141
21526771
19607290
19394037
22141048
21989874
22745258
19878752
19360410
22512778
22215358
22197824
24266972
19653184
18459486
22047422
21335865
23763418
21323148
20583342
18246045
19677299
20607887
22525321
23387901
21432455
22032608
22340698
22161131
19551643
23313842
24178966
23993028
21955553
20874786
23549979
21543641
23461076
20877442
23420058
23739021
23934771
20217603
23834436
20807221
21178213
21217998
22303482
21513196
19392221
20874020
20579061
20824964
20943216
21293117
21609646
22498284
18225708
19591124
22977121
20976393
18127424
19474048
23359578
19590408
24238586
22975217
21144626
22454854
23102126
21251964
21758326
23435366
24292481
23085079
23115476
21193702
19896930
23763954
22176862
21418976
19931048
20640520
22321899
19377889
22462446
18327576
20305729
23475821
22303573
22106224
21446722
22689141
21223925
18655486
20526761
22859184
22385588
17989873
24054288
23581332
23647984
23098481
20687849
23132043
23937003
20074565
19590402
21950550
23442960
19992610
18440022
21945025
19969058
19492316
21127892
19457977
23794408
22389227
23647323
24249486
23735523
21217616
18001258
23046606
21152132
21547153
23728351
23965742
18072387
23206505
23159521
24301971
22561884
23639926
22548313
20443267
20043587
22031296
22018158
19377923
19997117
20206982
21286679
18147438
23852291
21799202
21195424
19287833
23312591
23678289
23188776
20372280
23206742
23807979
23098487
23890822
22309011
22843957
19993710
23741508
20660310
19726631
18432359
20362042
18297225
20575344
19667116
19393877
19709677
21120877
24153447
18659067
20892782
19615767
18260544
23359265
21511010
23161477
21302406
22290101
20094383
21160045
22462106
20756753
23536340
20991609
20774327
18183117
23834494
19450104
22177070
21147530
20626982
22327424
20059109
20520512
19910710
22047093
18260515
20687898
22060145
18013583
21680444
19976545
18550182
21175805
20740741
23447791
18676483
21642229
23371895
22777682
22287754
21077574
23313569
22367048
20078016
22698928
20158374
22165161
21339274
19713298
22508057
21433563
21626288
21842840
22668237
19644325
22665787
18534280
18617902
19910947
23490040
23507339
18618126
23421169
24336614
23130840
23920415
24293141
21092182
20656330
23920198
22977238
22336078
19964785
18391955
20741867
20759557
20249684
17939253
22738893
18356485
17961667
21846912
19980584
21846308
19615831
18582704
20575323
24165869
22760343
22364090
19476335
21417111
24112647
19376029
20593564
22775335
23546054
22428023
21124293
22444733
22593625
22947360
22457627
23098496
18216020
23965883
18441138
23178286
20658800
22121699
21251956
23116586
22462452
20876372
23568400
20908192
18582374
24116198
22637256
22568273
18117265
23919881
19992605
21315550
21448117
22382404
17972297
18074162
20966654
21905752
21627531
24138800
22061908
22161791
19798525
24256773
20432283
23834458
20599281
21031313
23210872
20534520
23310144
20860279
22830893
22144515
20187212
22724233
19476168
20675139
21335856
18186574
20995261
22444875
18685529
20961376
22683274
18191836
23406704
21058604
19661003
20724777
21642262
19314317
22975592
22498375
18147663
22665778
21092834
24009443
22033750
21265282
18016220
20959694
22137502
23890842
23977141
19764418
21467273
23827313
23489757
20264207
23160584
22640880
20542788
19818387
19557575
18354838
23727164
22166867
18440952
19558618
20980183
22336535
22273291
19927629
23819839
24095206
23296090
18168180
20362977
22288333
24151398
18018057
20617270
18440293
20245902
18433409
19624910
18422544
22462537
20610245
18500931
24045885
19691908
23225726
18050698
21062584
22110347
18148646
21471746
19475622
23148162
24222271
22665804
19832607
18185280
18016234
21956155
23024160
21919385
24168934
23040895
23312541
20027628
20593057
19313980
21223479
21279255
23963920
19392347
20348576
23295970
22178204
20978546
18465841
18297235
23132362
19461833
19994780
21195014
20642964
20359381
24318793
23581837
23312272
18017422
21075102
22163875
24264278
23779639
21842903
19550059
22106271
21642230
23980297
22884052
21988271
22015410
23630995
23433778
19396016
21279250
22860907
19424811
18705671
18687419
24145439
21367747
20249574
22651605
24152117
20616783
23654248
19515043
22863631
18564908
23278733
18688850
22045844
23635824
22185279
22818594
21929740
20576207
23357256
22197087
20092686
19313858
22386913
21924750
20923176
21079664
20231981
20409833
18439964
20959691
23130965
22335736
23325494
18183395
20558981
19489871
22097718
24110243
20542737
21678883
19650813
20627116
21502921
23838101
19763427
23598712
22113299
21191667
23806472
22828790
23313838
19489879
22498232
24082704
20292285
18361267
21928773
20181744
21434067
20899034
22428986
20617933
21494605
23934505
22003672
18584404
22525456
23792437
23188768
20882549
20277337
21816787
19525916
22412500
23765812
22570809
24158675
19326917
22668810
23889888
21446720
20744630
23848930
20782118
24165187
23100865
20391701
20262604
24319192
20545418
19218272
22049250
19977049
22700886
20479873
22356125
24250069
24234949
18320148
20475936
20825973
22432061
22339506
23160631
23821849
20616960
19428516
21828324
21956647
22876457
19551131
21075106
23677038
19692004
19664177
23506507
23191104
21828319
20789816
18598735
22137486
18016313
22164137
23572720
18149781
23218004
21162205
21917254
23372088
20391717
23233274
22064989
17987333
20761477
21480208
21921094
22863468
20443270
23053988
20362937
18693620
23565104
22482610
24223822
18721544
18017341
18072278
17928090
19709741
24020743
18018254
24095210
18655482
23088075
23371928
23054473
18186926
22554028
21569699
22507915
18221798
19726627
19607262
21593338
20062809
24082583
19344532
23906083
18373853
20372452
22015412
18624115
19461983
22184685
20025307
22198141
20728073
23849342
18375556
23116813
19559903
23219501
20760403
23088208
22276573
23085073
22764349
21349975
21857501
21227061
21495456
17953692
22522162
23395699
23423100
20743075
24154545
23169105
21075109
19576910
22121716
19476422
22790815
20077236
23235310
20475894
23417653
22650961
22061318
21773740
21339298
23679961
20096162
22859224
23475388
19457973
21308726
21417096
19978807
17956836
19674953
20275795
22684945
19624147
21542796
23115294
23616561
20531441
23143740
18512894
21596689
24263446
23630997
22468100
21096850
23449723
22355800
20717167
20776186
21872629
22490961
21417403
20993209
18684678
18054798
21450985
22420011
20841070
21741474
21828906
20207234
23838198
19624183
19763014
21742363
21902752
19713174
21349946
20931377
21577985
24095220
21949731
18443436
23505127
23904739
20728750
23934459
22593336
21405034
19506613
22271941
21496682
24179797
21321786
24023298
23327286
21990843
19624813
19557577
24046749
18241870
20608605
20624605
23749354
22161789
20109068
19731965
23662325
21945017
21403687
18617710
22412622
21475642
21929290
19983872
18692977
21433809
19755863
20978560
19441504
18337448
23406807
23026192
21473986
24141743
22108839
19767064
22666497
17961577
22383955
20219627
21928782
18670280
24179347
22644922
22073994
19410384
21955498
18361491
22486923
23447818
21218203
21431838
23190117
19458724
23151239
18441054
19755282
18241574
22157917
22572203
22432269
23778556
19395727
21349935
22289961
23505902
22632457
23377415
23751287
19879936
18059839
20165024
21741009
22614268
23434381
23389943
21215946
24194383
22088721
20580144
20367863
19343677
20112362
18413388
24266952
19610716
19607781
20224755
22084540
21047276
23253962
21364081
19898304
18439936
18447384
19763019
23313925
24309295
23241330
22320231
23455130
22360288
19661012
20656321
20727339
22324159
18398257
20681109
20112986
19763027
22893034
20827119
18131006
20740723
24054548
20579202
22463925
20935136
22196576
19946713
19424881
22764381
21380167
22276433
19976931
24067109
24099585
22521497
20621150
22084895
21949649
19359845
22121702
23249519
24037448
20009004
23990953
23403693
23130647
18297263
23203347
19747217
24263443
22644824
20943239
19549780
19475939
20758958
20616767
22272456
19996500
22165540
19952831
23763402
23885712
21179739
20708327
21725703
18478419
23350895
19392480
22302924
23879057
23568406
23451615
23654537
18601203
23647146
20607822
19798011
21859744
24115233
19980574
20583397
22844012
20029323
20332537
23536341
18687378
20761244
18491357
22196257
22681143
22335936
18709036
23680173
21526878
17921746
22163758
23113288
18655390
21321790
23442359
21432119
20658925
22304930
21009257
18600411
23708658
21084141
22607972
22167098
23031762
19594264
18072380
20008905
21143686
21031338
20009008
24265567
23632841
22046075
19817835
23221794
24222309
23178560
21945742
23325788
23963921
23778448
22659047
23564996
20431786
22156368
19428225
18443308
20206481
19650852
20013012
21807266
20858189
19479929
18278663
19735264
21380089
18702133
21702228
21432020
20732950
22568261
21431542
24068803
22948260
24237496
22166887
21449211
23310232
23099412
22607080
20446528
21902744
23549928
21757664
24197246
18336301
21902759
22105772
19833022
23890618
23505921
23014929
23143341
19910413
22271992
21494607
23057456
18118129
23081577
22997857
23533565
21128775
21192256
19466107
19291621
18651593
22339919
21732009
19658791
20421026
19961128
23003852
19819486
21578543
20348297
19477763
21143703
23714205
22665816
22576460
20542769
22695602
23417617
19713604
23820589
22050022
21417101
20631242
23443365
19677554
23113394
19984679
19441733
23461293
18070155
18079070
18180896
17940734
24347729
19313484
23461120
18111874
22324017
23313789
19313969
23464505
22400836
18033765
22091833
19929494
22681495
24024579
20890905
23715585
23441163
18423815
18102521
21803245
20577666
19461947
20236438
19768514
23878746
20740740
24263998
18223962
19391950
21816960
18147532
23205630
20929489
21595914
21988273
20364158
20660464
18147291
20282198
23294150
23106156
18564133
19558622
18619579
21846603
21785772
23387834
22829140
20476483
20959718
20542777
18054876
21163747
20749335
21279261
23821551
21814670
20484214
20775712
23328687
20641121
21350499
22106904
19993726
24322517
22975470
22637250
21526867
21293090
17920682
22832944
21946870
23174964
22846439
20542887
23000221
22482797
20078578
22307785
21784020
17912792
20558983
24237258
22322073
22462437
22383535
22085765
22505811
22569890
19574637
22815904
21252426
24088119
20391702
19641551
23721501
23117210
24096339
24102834
21928774
20591134
20526924
19476561
23998667
23374311
21627951
19549759
19489876
23662528
23447793
19284696
21111737
24235003
20297754
23479325
20658458
19729096
20125273
21924742
20116973
20992091
22791046
23764759
23581119
22192510
20059121
22639611
23990957
20372277
22294985
22490144
24167773
23909536
23848899
23143401
20246758
20017211
21581898
23309963
19427010
20621156
18395365
22092209
20818581
20509541
20170974
18460626
18440517
18512919
19539407
22489966
23312573
18491827
22963075
22599615
19980430
20843336
17999307
19428247
22032412
23723895
23099170
19798005
20792514
20672552
23492073
24138861
24333484
21029889
19549770
21857467
23865006
23027296
22593944
23822199
18601747
19625168
22699012
21815507
23115449
18566561
19896939
23493920
23130788
21175740
22184603
23661950
22428977
22950898
18600571
20743660
24264342
23011958
22588696
18529046
23443332
20467706
21769526
20577347
23637361
18260177
21626530
20821326
23479061
24180127
20460089
22779705
19913797
22404836
21321788
20687734
23143348
23752984
23779644
19489865
21919809
18131458
19816137
24087498
23904743
23313806
21513008
23434268
19407982
21251193
20843177
23038851
18114199
18257687
20610384
23550516
20642749
20025331
19576452
23904742
21159665
21092176
21527911
18806696
23267074
18392035
17955580
24158262
20640596
18334100
22175682
21919306
24102828
21953944
23543439
18337770
24055908
24013423
18240275
22460708
18563249
22768557
19976763
23703324
20109672
18497066
23282206
19802038
20204002
20546610
20789886
23885741
19615365
22727242
23721829
23809393
22060140
18397418
19376725
23610604
20460688
18571245
21527828
19218747
19492478
23850996
23189036
21448099
23794958
22880659
22554027
22161804
22416305
20478056
19661549
22454770
22107712
21703661
22593958
22893044
24064818
20029229
24006095
22397656
22091902
19557568
23117854
21419428
21949505
22492476
23217927
19674954
22094552
19331010
21702461
22367685
23268390
20260399
20067145
23819829
20591142
22271364
21892224
23878479
24279847
19780282
20816834
18676473
20591956
19326789
24005680
18596593
21858779
20591831
21349939
21029209
23763462
20203903
24223563
23751591
20144304
22125612
22863250
18260543
21144556
22948181
19359905
23239079
21601330
22156516
23406734
24194877
22779547
20526834
19881980
22482783
17955297
23651145
18547380
21759051
20232094
21022963
18395423
22947364
23621376
18634522
23963916
18243729
23640069
20527818
21702964
23309880
23175524
22397272
23694546
22153363
21713465
20843545
20115228
21904787
18237923
20343468
22091906
22024284
20382625
19650916
22996952
20126393
20777406
20910153
21953539
20180226
19744810
23632905
18241889
23077782
20591525
24064892
20432887
23115302
21389021
22445466
21499864
20290458
19361253
20807236
23938120
24138786
22659015
22369121
18601712
18335151
19713148
22778877
22894040
22653368
23878776
20648915
24011669
22291675
21463949
22416365
22093004
19996615
19993342
24051233
19836626
22747781
20062929
23040957
20411186
22508196
22453126
19813615
18564772
20260381
22794164
19493916
18705760
18483176
23647147
20775979
24306049
20277659
22414593
19898207
18172771
21094773
21725705
20728925
20075238
19375773
20446630
21758561
20156929
24141669
20773361
23937450
22494251
17918390
22792261
22975232
23827302
24007065
18358905
18434546
23235304
19895084
18394729
19709101
23286331
18073005
20857433
21578462
21046569
18052124
22033732
24224036
22463887
20860193
18335873
23812722
23278968
22031333
23710932
18655106
23297549
19819466
23852065
18477710
23778412
23147481
19658806
24179377
23239882
22354068
19757104
21730647
22861797
18224896
20409104
19296836
19879016
20045251
19744498
24054787
24249861
22024101
21309675
21542772
21388928
20125337
21629125
21079393
22875705
24280280
21209521
23282567
18549832
24138353
19984701
17957241
19376012
21095832
20732965
19590388
20826596
21642256
22106223
18016284
24360935
24193583
20873997
19945624
18414526
20946642
21716017
18548535
24109458
19833117
22165274
18617715
24172722
24082608
20263080
24035945
21842896
19288961
22153357
24046685
19911059
22949205
20919397
24318849
24334912
23225820
19878750
22021321
19424318
24133456
18342617
19961841
22760338
19653139
21480233
19594066
23087128
21237597
21799147
18054895
19879795
22489956
18670259
19729330
19675690
21447499
20607892
19980599
22002501
23650888
19549793
18671468
18089281
23128343
20196866
22538159
21255100
18170599
23084927
23085085
23809100
18598259
20125314
23702088
22975750
18719824
19658788
22468015
23003790
22768282
23735524
19914690
24346935
24114458
20373129
23692025
18285223
22798777
20279076
24054553
19677690
19711467
18616241
22650967
18150001
19677535
19523753
23168031
19747135
23028785
19961916
22489948
18095013
24172892
23709324
21876471
21784066
19823665
21702556
22138218
18203835
22404748
23632423
21861171
21578370
19608093
19914470
24235794
24242364
23053649
18099391
19961461
23834422
22561758
21245232
18634868
20096199
24064792
20921861
20798450
23812810
18670526
21217946
23637601
22436706
21873555
21857459
21152184
24354394
22595756
21179604
21828337
20687619
22161006
20461388
18095060
19506885
17972180
18659678
18013635
22320539
20960163
20642643
20591122
22162628
19460155
22031255
23297723
22524177
19691947
24102573
22292030
18424982
18298933
17929137
21610057
21921478
20798540
20545267
22668041
22065623
20927194
21481729
21227169
23492288
19426977
23530882
23961373
18790410
22468018
22177683
21518400
23890863
20656908
22760308
19428648
20493451
18400870
23309948
24347305
22098073
19541880
22951011
18099395
21175811
22798589
23268478
19911369
23650890
23055761
20544998
19590372
18356585
22164537
23219952
21725709
22738858
21282873
20154780
22092378
23461974
21045679
22073888
20249057
22667984
18393692
24249912
23482701
23632431
22414646
22185682
21784484
21953604
18260100
20861643
24360937
19813963
20509175
20806974
24008157
23887933
24348900
22665774
20792578
23977117
20687690
17945253
24145332
23957892
18582438
23343427
22048974
22828759
20448257
20059105
22327492
21046190
19954426
21519161
21479634
23552504
21727808
23258019
18266646
20857397
22447101
21175816
22947692
24322546
21547178
21501081
21223534
18588952
21092200
19628294
24109578
23361058
23203323
19425464
21677127
23003959
21389031
20841064
20432898
22996380
20462059
21295158
21815501
24350494
20164947
22412875
21379370
20592056
18352461
18495548
21807362
20577329
24080956
17940603
21433821
20657038
20976971
22123622
20460970
23735666
20849841
20059092
22523982
19744399
22493696
18721353
19451768
21755150
21030092
17939240
21058563
24053503
22859151
19539404
17797502
23261634
18172970
19461646
22681054
20773307
18584034
22019732
22197806
22609240
21145819
23364909
18545690
20907889
23085058
23894640
21129444
20196758
19615493
18110235
23464275
18184937
21830535
20159012
19474110
23795235
20028684
18673540
21075123
23088260
22896345
